36 images, 0 similar groups, 36 unique
1.00 0.53 0.47 0.38 0.59 0.50 0.47 0.53 0.50 0.50 0.50 0.53 0.47 0.41 0.47 0.53 0.50 0.47 0.47 0.56 0.53 0.50 0.41 0.50 0.50 0.44 0.41 0.50 0.66 0.44 0.50 0.47 0.56 0.59 0.56 0.44
0.53 1.00 0.53 0.53 0.47 0.47 0.66 0.50 0.66 0.59 0.53 0.53 0.47 0.50 0.41 0.47 0.47 0.69 0.44 0.41 0.53 0.44 0.59 0.44 0.50 0.50 0.47 0.53 0.47 0.56 0.34 0.44 0.56 0.59 0.53 0.56
0.47 0.53 1.00 0.50 0.47 0.44 0.53 0.66 0.50 0.44 0.50 0.53 0.50 0.41 0.50 0.56 0.47 0.50 0.62 0.53 0.41 0.50 0.56 0.50 0.47 0.47 0.50 0.53 0.53 0.34 0.47 0.56 0.44 0.47 0.47 0.44
0.38 0.53 0.50 1.00 0.44 0.50 0.53 0.47 0.56 0.53 0.50 0.47 0.56 0.50 0.47 0.56 0.47 0.47 0.47 0.47 0.41 0.44 0.53 0.41 0.50 0.50 0.47 0.47 0.47 0.47 0.62 0.59 0.53 0.53 0.47 0.69
0.59 0.47 0.47 0.44 1.00 0.69 0.44 0.62 0.56 0.59 0.44 0.56 0.50 0.56 0.53 0.56 0.38 0.47 0.66 0.53 0.50 0.53 0.47 0.47 0.41 0.44 0.41 0.47 0.53 0.41 0.53 0.47 0.44 0.44 0.50 0.44
0.50 0.47 0.44 0.50 0.69 1.00 0.50 0.47 0.47 0.44 0.47 0.50 0.66 0.50 0.44 0.62 0.47 0.44 0.59 0.50 0.53 0.53 0.34 0.47 0.47 0.47 0.41 0.56 0.59 0.50 0.56 0.59 0.50 0.56 0.50 0.44
0.47 0.66 0.53 0.53 0.44 0.50 1.00 0.50 0.53 0.62 0.47 0.56 0.47 0.53 0.47 0.47 0.56 0.53 0.50 0.56 0.53 0.44 0.53 0.53 0.50 0.44 0.47 0.44 0.47 0.50 0.53 0.50 0.50 0.59 0.47 0.53
0.53 0.50 0.66 0.47 0.62 0.47 0.50 1.00 0.47 0.38 0.34 0.53 0.50 0.44 0.56 0.50 0.41 0.50 0.59 0.53 0.31 0.47 0.59 0.47 0.53 0.44 0.47 0.56 0.53 0.44 0.50 0.53 0.41 0.44 0.44 0.41
0.50 0.66 0.50 0.56 0.56 0.47 0.53 0.47 1.00 0.56 0.59 0.53 0.50 0.56 0.44 0.50 0.38 0.62 0.53 0.31 0.53 0.50 0.50 0.44 0.47 0.47 0.44 0.50 0.50 0.59 0.41 0.41 0.53 0.53 0.53 0.47
0.50 0.59 0.44 0.53 0.59 0.44 0.62 0.38 0.56 1.00 0.53 0.53 0.44 0.50 0.56 0.47 0.44 0.47 0.53 0.53 0.66 0.47 0.56 0.53 0.50 0.47 0.44 0.41 0.41 0.47 0.53 0.47 0.56 0.53 0.47 0.69
0.50 0.53 0.50 0.50 0.44 0.47 0.47 0.34 0.59 0.53 1.00 0.53 0.56 0.50 0.59 0.50 0.50 0.53 0.50 0.44 0.59 0.59 0.53 0.53 0.44 0.50 0.56 0.44 0.44 0.59 0.50 0.53 0.62 0.59 0.62 0.41
0.53 0.53 0.53 0.47 0.56 0.50 0.56 0.53 0.53 0.53 0.53 1.00 0.38 0.50 0.47 0.44 0.47 0.50 0.53 0.59 0.47 0.47 0.50 0.56 0.47 0.38 0.56 0.47 0.53 0.53 0.53 0.41 0.47 0.50 0.62 0.47
0.47 0.47 0.50 0.56 0.50 0.66 0.47 0.50 0.50 0.44 0.56 0.38 1.00 0.47 0.53 0.75 0.62 0.47 0.59 0.47 0.47 0.53 0.47 0.53 0.53 0.53 0.56 0.59 0.53 0.50 0.44 0.59 0.56 0.50 0.56 0.50
0.41 0.50 0.41 0.50 0.56 0.50 0.53 0.44 0.56 0.50 0.50 0.50 0.47 1.00 0.59 0.47 0.50 0.47 0.44 0.56 0.53 0.53 0.44 0.53 0.53 0.53 0.59 0.41 0.53 0.47 0.44 0.44 0.44 0.53 0.47 0.53
0.47 0.41 0.50 0.47 0.53 0.44 0.47 0.56 0.44 0.56 0.59 0.47 0.53 0.59 1.00 0.47 0.50 0.53 0.56 0.53 0.56 0.56 0.50 0.47 0.44 0.59 0.53 0.44 0.47 0.50 0.53 0.44 0.44 0.50 0.44 0.53
0.53 0.47 0.56 0.56 0.56 0.62 0.47 0.50 0.50 0.47 0.50 0.44 0.75 0.47 0.47 1.00 0.50 0.34 0.62 0.53 0.47 0.56 0.53 0.47 0.53 0.53 0.62 0.59 0.53 0.47 0.41 0.62 0.56 0.50 0.50 0.44
0.50 0.47 0.47 0.47 0.38 0.47 0.56 0.41 0.38 0.44 0.50 0.47 0.62 0.50 0.50 0.50 1.00 0.50 0.53 0.59 0.59 0.53 0.53 0.50 0.66 0.56 0.53 0.59 0.47 0.59 0.50 0.47 0.47 0.53 0.56 0.59
0.47 0.69 0.50 0.47 0.47 0.44 0.53 0.50 0.62 0.47 0.53 0.50 0.47 0.47 0.53 0.34 0.50 1.00 0.47 0.31 0.59 0.56 0.56 0.41 0.44 0.59 0.44 0.62 0.50 0.56 0.47 0.41 0.53 0.50 0.53 0.56
0.47 0.44 0.62 0.47 0.66 0.59 0.50 0.59 0.53 0.53 0.50 0.53 0.59 0.44 0.56 0.62 0.53 0.47 1.00 0.50 0.53 0.72 0.59 0.41 0.44 0.53 0.53 0.50 0.53 0.53 0.50 0.56 0.38 0.47 0.53 0.41
0.56 0.41 0.53 0.47 0.53 0.50 0.56 0.53 0.31 0.53 0.44 0.59 0.47 0.56 0.53 0.53 0.59 0.31 0.50 1.00 0.47 0.44 0.53 0.66 0.59 0.44 0.62 0.44 0.47 0.47 0.53 0.47 0.44 0.50 0.47 0.56
0.53 0.53 0.41 0.41 0.50 0.53 0.53 0.31 0.53 0.66 0.59 0.47 0.47 0.53 0.56 0.47 0.59 0.59 0.53 0.47 1.00 0.56 0.56 0.47 0.50 0.62 0.44 0.56 0.50 0.56 0.47 0.44 0.47 0.50 0.41 0.59
0.50 0.44 0.50 0.44 0.53 0.53 0.44 0.47 0.50 0.47 0.59 0.47 0.53 0.53 0.56 0.56 0.53 0.56 0.72 0.44 0.56 1.00 0.50 0.44 0.50 0.53 0.50 0.47 0.53 0.53 0.44 0.53 0.53 0.53 0.44 0.41
0.41 0.59 0.56 0.53 0.47 0.34 0.53 0.59 0.50 0.56 0.53 0.50 0.47 0.44 0.50 0.53 0.53 0.56 0.59 0.53 0.56 0.50 1.00 0.47 0.47 0.62 0.62 0.59 0.47 0.56 0.38 0.53 0.50 0.38 0.47 0.56
0.50 0.44 0.50 0.41 0.47 0.47 0.53 0.47 0.44 0.53 0.53 0.56 0.53 0.53 0.47 0.47 0.50 0.41 0.41 0.66 0.47 0.44 0.47 1.00 0.53 0.38 0.47 0.38 0.41 0.50 0.47 0.53 0.59 0.53 0.50 0.53
0.50 0.50 0.47 0.50 0.41 0.47 0.50 0.53 0.47 0.50 0.44 0.47 0.53 0.53 0.44 0.53 0.66 0.44 0.44 0.59 0.50 0.50 0.47 0.53 1.00 0.56 0.50 0.59 0.44 0.50 0.53 0.44 0.41 0.59 0.44 0.53
0.44 0.50 0.47 0.50 0.44 0.47 0.44 0.44 0.47 0.47 0.50 0.38 0.53 0.53 0.59 0.53 0.56 0.59 0.53 0.44 0.62 0.53 0.62 0.38 0.56 1.00 0.59 0.66 0.53 0.56 0.50 0.53 0.47 0.53 0.53 0.56
0.41 0.47 0.50 0.47 0.41 0.41 0.47 0.47 0.44 0.44 0.56 0.56 0.56 0.59 0.53 0.62 0.53 0.44 0.53 0.62 0.44 0.50 0.62 0.47 0.50 0.59 1.00 0.53 0.50 0.53 0.44 0.47 0.53 0.50 0.59 0.41
0.50 0.53 0.53 0.47 0.47 0.56 0.44 0.56 0.50 0.41 0.44 0.47 0.59 0.41 0.44 0.59 0.59 0.62 0.50 0.44 0.56 0.47 0.59 0.38 0.59 0.66 0.53 1.00 0.56 0.50 0.41 0.47 0.47 0.47 0.53 0.50
0.66 0.47 0.53 0.47 0.53 0.59 0.47 0.53 0.50 0.41 0.44 0.53 0.53 0.53 0.47 0.53 0.47 0.50 0.53 0.47 0.50 0.53 0.47 0.41 0.44 0.53 0.50 0.56 1.00 0.44 0.50 0.53 0.50 0.44 0.56 0.53
0.44 0.56 0.34 0.47 0.41 0.50 0.50 0.44 0.59 0.47 0.59 0.53 0.50 0.47 0.50 0.47 0.59 0.56 0.53 0.47 0.56 0.53 0.56 0.50 0.50 0.56 0.53 0.50 0.44 1.00 0.50 0.47 0.50 0.59 0.62 0.53
0.50 0.34 0.47 0.62 0.53 0.56 0.53 0.50 0.41 0.53 0.50 0.53 0.44 0.44 0.53 0.41 0.50 0.47 0.50 0.53 0.47 0.44 0.38 0.47 0.53 0.50 0.44 0.41 0.50 0.50 1.00 0.50 0.53 0.66 0.50 0.50
0.47 0.44 0.56 0.59 0.47 0.59 0.50 0.53 0.41 0.47 0.53 0.41 0.59 0.44 0.44 0.62 0.47 0.41 0.56 0.47 0.44 0.53 0.53 0.53 0.44 0.53 0.47 0.47 0.53 0.47 0.50 1.00 0.69 0.50 0.56 0.53
0.56 0.56 0.44 0.53 0.44 0.50 0.50 0.41 0.53 0.56 0.62 0.47 0.56 0.44 0.44 0.56 0.47 0.53 0.38 0.44 0.47 0.53 0.50 0.59 0.41 0.47 0.53 0.47 0.50 0.50 0.53 0.69 1.00 0.59 0.59 0.53
0.59 0.59 0.47 0.53 0.44 0.56 0.59 0.44 0.53 0.53 0.59 0.50 0.50 0.53 0.50 0.50 0.53 0.50 0.47 0.50 0.50 0.53 0.38 0.53 0.59 0.53 0.50 0.47 0.44 0.59 0.66 0.50 0.59 1.00 0.59 0.44
0.56 0.53 0.47 0.47 0.50 0.50 0.47 0.44 0.53 0.47 0.62 0.62 0.56 0.47 0.44 0.50 0.56 0.53 0.53 0.47 0.41 0.44 0.47 0.50 0.44 0.53 0.59 0.53 0.56 0.62 0.50 0.56 0.59 0.59 1.00 0.44
0.44 0.56 0.44 0.69 0.44 0.44 0.53 0.41 0.47 0.69 0.41 0.47 0.50 0.53 0.53 0.44 0.59 0.56 0.41 0.56 0.59 0.41 0.56 0.53 0.53 0.56 0.41 0.50 0.53 0.53 0.50 0.53 0.53 0.44 0.44 1.00
